1235113051:6:12:7:81
1235113051:4:13:8:79
1235113051:1:14:8:78
1235113051:3:13:7:81
1235113051:0:14:9:78
1235113051:7:16:11:73
1235113051:2:13:7:80
1235113051:5:12:7:81
1235113061:6:15:5:80
1235113061:4:15:6:79
1235113061:1:18:5:77
1235113061:3:17:5:79
1235113061:0:18:5:77
1235113061:7:38:9:54
1235113061:2:14:5:81
1235113061:5:18:5:77
1235113071:6:16:7:77
1235113071:4:16:7:77
1235113071:1:17:6:76
1235113071:3:18:5:77
1235113071:0:16:7:77
1235113071:7:37:9:53
1235113071:2:15:6:79
1235113071:5:17:6:76
1235113081:6:17:6:77
1235113081:4:20:9:72
1235113081:1:16:8:76
1235113081:3:15:4:81
1235113081:0:15:6:78
1235113081:7:42:8:49
1235113081:2:16:6:79
1235113081:5:27:6:67
1235113091:6:14:9:77
1235113091:4:14:8:79
1235113091:1:15:8:77
1235113091:3:15:7:78
1235113091:0:14:8:78
1235113091:7:22:11:67
1235113091:2:12:7:81
1235113091:5:13:7:79
1235113101:6:18:24:58
1235113101:4:30:11:59
1235113101:1:22:13:65
1235113101:3:22:12:66
1235113101:0:22:18:60
1235113101:7:27:17:56
1235113101:2:18:21:60
1235113101:5:20:14:66
1235113111:6:17:7:76
1235113111:4:18:7:74
1235113111:1:18:8:75
1235113111:3:17:7:75
1235113111:0:19:8:74
1235113111:7:21:8:70
1235113111:2:21:8:71
1235113111:5:17:6:77
